120025585
120025585
120025585
120033105
120033105
120037751
120033105
120037991
120020169
120013542
120037751
120045362
120045362
120043212
120076425
120166927
120166633
120170331
120076425
120076425
120076425
120076425
120166927
120166633
120170331
120166927
120166633
120170331
120076425
120050347
120260279
120262389
120261409
120275285
120290554
120290604
119540207
119392716
120340769
120340729
120341695
120170047
120228024
118951934
119896169
120342935
120201399
119619856
119312296
120346515
120347242
120347896
119501247
120346255
120346256
120425284
120423252
120391695
119552895
120395618
120416361
120430920
120425213
120415363
120422734
120385203
120422088
120408610
120406823
120375556
120413463
